$ANSIBLE_VAULT;1.1;AES256
36333834346232343964343131373639363265333061613539376334656537363362623435353963
3830376336326631636563616264373066393163636439350a303833656439626236343136383538
38636466663835336233636434346439316362373230613433613963316530353062393633363861
3766336337343065660a663066363765306138383263363437366639643836343436623239613363
66613032363938333366613961383961313631363031383138306661623235363936666366633738
66373464303763373736323836643363383364366131333435346663623233393965323130396166
61323031336561646365393932343633353733356235393061356331383130343339633335366161
32636130643631356132363737313731336439303135333566666132353534616663323035326433
38313835613964396366626531356464643837333834666239396365633865643635383065633463
35383466666632333537313666386661323837636132343264346530303430326334353230623131
63323264303839663465613939333232313539616563313764303435646536613862323965383462
37333838363239623735383131643165643431643861666633333032373236616664353662626535
38373730316365313865396134376166643263316339373833356261303439326636616561633836
61313938376365366331366232303064343266643065313266393033656665643163323030316363
30333064376462613235386461353332336330323139356532613431353636326662353030373465
33353863613763323063336165353539663936386132326664383564633136623736623962383936
62373161353362306263646237396364393661316536393334376565643766316562386338316661
38373564323739663333393161326336323830396137643730373238636533613564376364326138
38373437356131643563626531316163313830313466626630303066323630343766623137663333
32653037656234656535636639333235373135383162383735633034353333326162386538316264
35646562373434316239303366346437386661613037613664306333613066613839623239383065
34616439333534303561306463363431663161383435643937613264336637363532326137353333
31613465626462653339353938333264303633616261666137653230353163626466656463353732
30623365383137373437633265393337336563386664623233313465623731616635343532376238
34363762313366396339303731363963376534653138336563666236383137636562333635616138
31343462343132333462363534393032613265316232306366313936653335343734643636373234
65623037623831663138386166376233623366343234333265396138613531633862326639313638
37376163623538643136386563326564656362346639393339656432633565616235346531373135
38353666396162313066343065383664333933653766356538303966333934346432663065363033
33396436333162636236363263623337393238376432623139343933356665373961303732316430
64356665666365643130653861653531363866376239383963343966353130386530353837353637
32666533376535613637303365633766636531643639663635323834363766353332646636356238
36323337333563623438616635616631313762626332346232346162323164356332376132613464
62666636366236623633643132396239613037313766376136613539353337373739613036646338
37333866643335313363396666306138636538313239376535323666626465306332626466626564
39393930616336616636383331383762623366373532656361346534646539313132373234633061
36623538383465663632336461316630373333323135623938643735316338326661663231386431
38366235663137353730636337333738373230653634356534313535353833323436623366373263
64656331396636326363316338643761363664383937386333353339373737613665326265396331
66366335336564616636313362303536653130396433303063633437646135356163613662343639
65323964303230656336373036656463613262393638393830393830373766393065663830633735
31383238313237373462663034616630643339313263393566626362336266386538363164353334
30363764613232306662313266393934343963353932333135633938316164626537383866383031
33666436643638346262363363333936313239623232643934363763323766313433373132346437
63356237336136326362376338623233323536373338393936653531393634333139393935343335
36633161396437363966386632343631626332623239383664356664346331376431356163356238
66366631663137356564396161636538303166383733376464623863646634613162633037353862
37383264643362356335376162353737336135316436373535663266306432306463353832666534
33303132663735373739323537633965633861633533613231343930326135353961613134653432
66643632656337316630613132366634313163303462656461653364306537616262383665366261
34353233353163366131653532323032343936363938623337316463383063353037353531653838
39313732366537623830663738656436386562633266373831356562636162383835326663656337
35643431646130393532313462666232633937336234663434333931363166383734646237636437
30376232626238343938343661366262653665363132303766306332363335303233623935393038
66616433646138353762346366623365393663313134396336376164373935353965303338343233
36393837306563633036623665323638333535303738366164646137313931623130616436366232
39396531633464383238326532646535363937613236363032343764363636346461663866616638
39643830643331646665326236306232313666366563333862336462623232326138363862616631
64366334303465353161366661343538646463643065656131306433363639653765313165393639
36356564313935656137346633613966653638323130323565323461633738643331336636376432
61616264366366613063396132623761663937373263643231393464656633666539383361383230
66366365393663656562346439333139656239626461653437343065613037663535366432353338
32643736353166303031326262636635336363646164623036306535343262646339656363366138
66396534313762336462343037373665616561313838373365373135623639353563636464613332
65346239626232613666326332346136666166623637396536303562656236653734656563326661
31303866396138323331363762353030383531316536356539373030643565396433363366346161
38653864643461383732633232303366366131376437336463646339303931353764376432363534
32386532303831393839396434366431333064393031303031366638373565356263303965666635
64356362383636313665356435653831303066373032313839343332623038646138326235396131
37316464373739623432666662626537633036633665633738666463326636616566376433323139
32376337616266366534306437383337663263353166393663393930373932306435323137636635
63393339393034613333643632366331323263643436626633626430626233616230343165303536
66633762316236393536333937376332613630626234653037616431643936373065363538636432
36363039356262653830613664636537306164383732623338663631316265373661646566663430
39633665346266623430303030376232356139353263663863366463346633353163663938353435
37323932353766326136313831323431393263353563363864636266323362386264326131356663
30386164613937383233393332353735333066666433333164646132303461623261646165313638
63663766366230373333396635633338653561333261386236613663666564306439363064356665
65663435373732396538643431363261353435623735306338636635626437386334333963343333
61343932333938313437333165633161636666306338343936633839326339313536363734613966
62623339383334363539636464333164643830343066653732373035313632396430346138323961
63366438376136666166313436396639333861343436663638636434623361356463326131386633
36323838383033363831646434613665316165656365373033363330616635623639663839346636
65313934333033343136313239643035333032646366666638623566616533646566373836383939
64646433666236623761383033363661363465626437373538383230366562363034353432326430
30393065396233383233376465623362633366303565323634613334636130346631363234636566
37356630363063373265326165646666343134326335636333643836653736663063346464646565
36613935346364653032643333303933336238666665613036313966636135376261303238356531
32346434396334333136633964306238333230653063383263663335353064336163663063663132
30643563653361356263343966623732373331396666643934366163303938373837643864623137
37313635376136373762313535333837303239393665326165653662333335646562363932333862
63363465306131383333383832623466653337633738626138323234643463383533383462333136
63663733323064336133396332626665376433396436643762393334346633363561376466663462
64333936636165383138643631393663313736336532343764663239363662363037646363363730
32306438633561326638633635336632333937333832346661343466616137343633363237303534
65386237393634343732653365613263396432303638633063356336663735633164653433303563
61626630363466643364303361333932393031396331613732383963616163653663396565613363
30363461653765613061656536656562626132353730656332653631643064336230663632656232
30333831343061626634356431356665376530633965353632653364653761356237343434363239
31656165363639663237353762623730343731313638346564343961386134336330646261393537
33373430623531383536346465363035323130316264313532313265383538333664363531666634
32393164303238656638636661646235336636656261323562633364373736316631626238373039
31643264333633373633623237636437393765303330343262663462313162343062306561346263
30336139353137633034313762666461313261313531653435353365646135663566323561373236
36643032623265633132336630303335653936333139313239336464653663643964623735666631
36396639376239373734656564336336653965613839393765663438663166666466366136396464
66343836323837626230633262303530383239303465356630303661353930323761336438383431
62643931323332306164353431613064366231626365313936353136306136383032396135613764
63643636626162363136313864306638636462366539643362623636336638333034396232376337
31376235656534626566643462386465356437336434326166616235376336383262306331613939
39373764313164636638353665646461633135346336396231353933303465383661646438393735
61396661303933613233333836626430336364326262353639616335303264613337313561323362
34343963393335393661663736653034656333373762353061613662623264366230376632643837
61613730306564646531643238363436396638363731623464333033666236313963383864313833
66663634646430663435393265306136663136313366346664656461343434666533663638363666
35303361646237383866326661306133653632626361353237613936393330653037363264666339
39383233353861313861323937303430303838316333646237663834353838373432343430653363
38343132663662353330666334346266383034623739353463373262653836323866353733653839
61356466363563353331336361653333306565383536366266646536613834616366653335356439
38383364316434626361353235343539343830613263313037626464343863393330376664323136
62633366393436343264616436663963326364656437336432623565663936363339396163656435
66386163643739303331303464323462666337663338663465306138653937383538323235633538
62356436323563653063653062303165616437373536353038383639353965643439643530343930
61303834326132336262663031333339636337323035363333396438633962643839663964343239
32396562346136653764646630373832346565613038613237616365333631613333663465626433
32303433373438623832326236303061636362636662653064386434393934323236333036633963
66646331633738333466353861333564633966653766333066393036616438303533656233663834
34373533653639306434663565336232653464303065323432633365323962303931613034343466
66303636366230643934653730653034653862623230303738656262636234383738383664623332
66313633383935363630633166316263613733363234653439613539643266646636353731653261
37333363653562363266396534646362616562383862316239313332326538393865636339353434
61303038366437623531616632636364373064646332646631616531303638313061636433393630
62646233303935363330303066623735386464386431633535323036663462636134613734373338
36386535343334646434383837303664373866376234646134363234303338383662653433643130
61336237643933353661346334643038343435346637316530363339373262346366366230643139
36383033396236346465646361313339386265396635376164646330636135346164353138633061
3066
